                                  1
 1
 2
 3
 4
                 1
          2
          3
          4
                1
   2
   3
   4
   1
  2
  3
  4
         1
       2
       3
       4
       5
              1
                  1
                                    1
                 1
                                                                                             
                                          1
                    2
                                                                   2
       5
             5
   5
  6
    6
       7
              1
                     1
            1
                                     1
       1
 1
                                                                                             
 1
1
     3
    5
1
          1
        6
             2
          1
                 2
      2
                 2
            3
 2
1
1
1
                                       2
                       3
                1
            1
            1
                  2
     4
    5
     6
        2
           7
  8
      8
                                           3
 3
                                                                 1
                                                     3
      6
2
           7
       3
        7
   8
   9
   10
     9
  10
       1
         3
   2
2
       4
                                             2
          2
        2
          3
                             4
              2
                            4
     5
     6
     6
     3
            4
        11
   12
   13
   11
  12
  13
  14
9
                                             2
5
            4
         3
       2
                                                                                             
2
2
   7
     8
    7
    7
 8
 4
         5
        8
        5
        14
  15
       2
4
              3
                  4
                    6
      4
           3
             3
          3
       3
          4
         2
          5
                                   2
                            9
     8
    9
  6
         7
    9
      6
             16
  10
                     5
       3
                          5
7
                       5
            6
            7
            8
            9
            4
    2
                                                              3
                                      3
                                                                    3
                           10
     9
    10
 11
 12
 13
 14
 15
 16
 17
 18
 19
 20
 21
 22
 23
 24
 25
 26
 27
 28
           7
15
   16
   17
  18
  19
  20
  21
  11
              3
             4
                     3
                     8
      5
                 10
            11
            12
                       5
             6
               4
                5
                              3
                      4
               4
      5
                         4
                          6
4
            3
3
                              4
                11
10
      8
         9
         10
10
          11
          12
                  17
   18
   19
   20
   21
   22
   23
   24
   22
  23
  12
       13
                 4
 6
           5
              6
                                4
6
                  7
                  8
                  9
9
6
                 7
                 8
                 9
                 10
                 11
                 12
               7
        6
4
             5
                                      5
4
          6
    5
                                                              5
                          4
                                             11
12
     13
     14
     15
     16
     17
29
 30
   13
          14
          15
          16
          17
          18
          8
        9
        10
        11
        12
25
   26
   27
   28
   29
   30
24
  25
  26
  27
  28
  29
  30
14
       15
       16
       17
       18
       19
       20
       21
       22
       23
       24
       25
       26
       27
                         5
         7
           8
     7
              8
                     5
                                 10
      11
      12
      13
          13
             8
                         6
                                                    5
                        6
                        7
                        8
                             6
                          7
                                                 4
                             5
            5
                           6
                           7
            12
    13
    14
    15
    16
       18
     19
     20
          11
         12
         13
         14
     19
          20
          21
          22
          23
          24
          25
          26
          27
          28
          29
        13
     28
                 6
                                     7
                   8
            10
         14
      15
      16
      17
13
                        7
                5
                      6
                      7
                      7
               6
                             7
            8
               6
              5
                             6
                             7
           17
    18
    19
 21
    15
          30
   14
29
       30
9
           10
           11
           12
           13
           14
        9
               6
                  18
                 14
 14
            15
       9
 8
                9
  8
               8
               9
               10
               11
               12
               13
              7
                       8
                       9
                       10
           9
                        10
             7
                         8
                      8
                          9
                          10
                    9
                   7
                                          8
                                       6
                               20
    21
     22
     23
             16
                15
        16
        17
        18
        19
        20
        21
        22
        23
        24
        25
        26
        27
        28
        29
        30
     15
           16
                9
                   10
                                  7
                     8
  11
                  12
                      19
      20
      21
      22
      23
      24
      25
      26
         16
            17
               10
             11
             12
             13
             14
             15
             16
             17
             18
                         10
                      9
                    9
                10
                    11
                     8
                            9
                            10
                            11
                                9
                             10
                             11
                             12
                             13
                             14
                   7
                            8
                           9
                       22
    23
    24
    25
    26
    27
    28
 24
     25
     26
   17
         18
                   17
           18
           19
           20
              10
   11
                   9
  13
     27
               15
                 16
                 17
                 18
                 19
                 20
                  18
            19
            20
            21
            22
     19
             20
             21
              11
                          14
               15
               16
               17
                    11
          11
                        12
                        13
                        14
                        15
                          11
                12
                    13
                    14
                    15
                    16
 12
                                                10
       27
19
21
                         12
                     10
                  14
     28
      29
      30
        21
                 22
                 23
         23
            24
       22
     12
                13
                                                                      12
            13
         15
      8
                              9
                 29
    30
     28
         20
                     11
                                    11
                       15
                 24
                 25
                 26
                 27
                     23
             24
                        14
                15
               10
              12
                       13
                     16
                                                                                             
11
                               29
    21
         22
           23
             13
                            25
         25
            16
     14
                                          17
         10
                         11
                 13
                          14
 17
         14
                             12
                       30
   22
         23
         24
                24
                 12
                          28
             26
                               17
                18
                         18
               19
             15
                       16
                         18
                                                      16
                      25
            14
    16
         29
      27
    26
             27
             28
   19
                20
                  20
                17
                       18
                                    19
                  12
                15
  18
         15
                            16
                            17
                               17
        10
                 26
         27
           12
   25
                13
                                                           11
                      12
                      13
                                19
                                                                  19
                          18
                            19
                                      13
        28
                 13
              14
              26
           27
           28
                        15
                                     17
             30
 28
            29
             29
    21
                22
           14
                      15
           21
               22
                           20
                20
              13
              16
                                 20
                            18
                                   14
                               15
     29
           30
  16
     14
                     15
                 30
                                 23
                 21
                                    14
          20
              21
                                                     29
                        17
                   18
                   19
                   20
                 16
  18
              23
16
                       24
                             21
                                     17
                          22
             19
                             20
                11
      15
         30
    16
                                   24
      17
       25
               26
               27
         22
                       15
                                           23
                                             21
                                                         21
                   22
                       19
                  20
                  21
             30
                          28
               29
                       23
                      18
                          19
              21
            24
                                                     17
              18
                      17
                   22
   25
              18
              30
  22
              24
                         20
           22
           25
                 12
             16
                     19
              20
          23
                        18
                       23
                  24
                                                       16
                                                              22
                       17
             21
              22
             24
                                25
               26
                  19
                      20
                              23
                                      17
                   21
                23
            26
                                   13
                              14
               23
              24
             19
              26
                    27
            21
                           24
                        25
      25
                                                                         23
                                   18
           25
                   26
                    27
                  28
                28
            22
                      23
                          18
         22
               24
    27
                                                             19
                  25
              26
                      20
                         29
              29
                                      26
    26
                                     23
                           24
          15
                          27
              28
                  27
              30
      30
 24
                               27
                    19
                                    24
                          25
                      25
             28
                                      25
             20
                29
              30
               28
         21
                                         28
                                 20
                 26
                            26
                    27
                    28
                                      16
                                              22
        25
           27
                                                      29
                26
           29
                   30
                                 26
                      27
                      28
                        29
                  28
               21
         27
    29
                                             21
                   23
                     24
              29
                      30
              29
                       30
                                                        27
17
                       22
                           23
                            22
                30
  30
                                  25
    30
          28
                  18
                 24
                                                26
                                 28
                            19
                              20
   25
          23
                29
                                                                                             
       30
                                  26
                           27
                              27
                     28
                24
        29
             21
28
           29
                                                           25
                                                      30
           30
     26
           22
29
                                          27
                        30
                                      28
   23
                              24
                           29
                            25
                                                    30
   26
                              27
                              28
                              29
                              30
All threads have finished.